[{"id": 0, "img_name": "0.jpg", "width": 1421, "height": 1899, "position": [-3.6456399003639257, -0.07872057343514328, 0.595376210113852], "rotation": [[0.8280549185862678, -0.031191136944358974, 0.5597786748181889], [0.004019626719099369, 0.9987558485271999, 0.04970510671703824], [-0.5606325841459169, -0.038908456777817624, 0.8271500695672099]], "fy": 1466.1678604067822, "fx": 1465.8966402559593}, {"id": 1, "img_name": "1.jpg", "width": 1421, "height": 1899, "position": [-3.655542358744758, -0.06586902544836974, 0.5919207818424876], "rotation": [[0.8264774776954101, -0.03215721115814941, 0.5620506139421634], [0.003227580206352043, 0.9986215290905204, 0.0523891626476587], [-0.5629605328868484, -0.04148439956708381, 0.8254419925132923]], "fy": 1466.1678604067822, "fx": 1465.8966402559593}, {"id": 2, "img_name": "10.jpg", "width": 1421, "height": 1899, "position": [-3.4783433447468988, 1.0537845087702482, 0.34762241735556554], "rotation": [[0.7987021553108813, 0.24076281074590528, 0.5514600040469704], [-0.2023120240927123, 0.970557571548061, -0.1307204850749884], [-0.5666963137424337, -0.007160256452240729, 0.8238956358169858]], "fy": 1466.1678604067822, "fx": 1465.8966402559593}, {"id": 3, "img_name": "100.jpg", "width": 1421, "height": 1899, "position": [-2.8951985925123225, 1.2864099060976983, -0.669426079953999], "rotation": [[0.851796414721243, 0.3381920375720217, 0.40008625768816436], [-0.26968386923727505, 0.9378158589499036, -0.21856812524992442], [-0.44912523703444723, 0.07827873545822354, 0.8900331235599117]], "fy": 1466.1678604067822, "fx": 1465.8966402559593}, {"id": 4, "img_name": "101.jpg", "width": 1421, "height": 1899, "position": [-2.743196773008038, 1.4502499030261267, -0.7450721911054673], "rotation": [[0.8430767316003549, 0.4046045289077108, 0.35428350204522985], [-0.31918757998231484, 0.9066510420864421, -0.27586804212993143], [-0.4328289655500153, 0.1194950336664151, 0.8935211376962303]], "fy": 1466.1678604067822, "fx": 1465.8966402559593}, {"id": 5, "img_name": "102.jpg", "width": 1421, "height": 1899, "position": [-2.5767023342372077, 1.7072795997475234, -0.7886526286700691], "rotation": [[0.8141632801181203, 0.4846781084590839, 0.3197268904672045], [-0.3864826395632938, 0.8633078097345055, -0.32454706125244726], [-0.4333235772762571, 0.14066540737485966, 0.8901931928208463]], "fy": 1466.1678604067822, "fx": 1465.8966402559593}, {"id": 6, "img_name": "103.jpg", "width": 1421, "height": 1899, "position": [-2.4173521622241845, 2.0317822431953307, -0.8895888123262722], "rotation": [[0.7651204826924325, 0.5864530416348597, 0.26582602754756834], [-0.4736131901285488, 0.7922760843313776, -0.38469358239097073], [-0.4362123257093477, 0.16843822652165719, 0.8839385559785706]], "fy": 1466.1678604067822, "fx": 1465.8966402559593}, {"id": 7, "img_name": "104.jpg", "width": 1421, "height": 1899, "position": [-2.2723214263286438, 2.3435121761546416, -1.0302540309869297], "rotation": [[0.7052073163845275, 0.6747291618909734, 0.21776868234812283], [-0.5582759749605933, 0.7177815952110025, -0.4160739325626492], [-0.4370475680055112, 0.17184335794628064, 0.8828699131979834]], "fy": 1466.1678604067822, "fx": 1465.8966402559593}, {"id": 8, "img_name": "105.jpg", "width": 1421, "height": 1899, "position": [-2.174000249901275, 2.5384360255527043, -1.1133898418533756], "rotation": [[0.6458785403037147, 0.738627545181057, 0.19305507161156915], [-0.628048074720989, 0.6578361834155845, -0.4157008198554294], [-0.43404668759754583, 0.14724437269051352, 0.8887758815902778]], "fy": 1466.1678604067822, "fx": 1465.8966402559593}, {"id": 9, "img_name": "106.jpg", "width": 1421, "height": 1899, "position": [-2.1103039980399507, 2.6389898759351844, -1.0862889113987557], "rotation": [[0.6010149550270054, 0.7756808774234494, 0.19261412262208222], [-0.6702469205119128, 0.6204401437208414, -0.40721381804152845], [-0.43537350559971394, 0.11564257200204969, 0.892791524468376]], "fy": 1466.1678604067822, "fx": 1465.8966402559593}, {"id": 10, "img_name": "107.jpg", "width": 1421, "height": 1899, "position": [-2.00637699223464, 2.7319652715240466, -0.9868196036910328], "rotation": [[0.5684032421770011, 0.801718634316751, 0.18483772794523562], [-0.6988710389513024, 0.5890298480496704, -0.4057377342837478], [-0.4341624410261676, 0.1014449086739478, 0.8951044102820261]], "fy": 1466.1678604067822, "fx": 1465.8966402559593}, {"id": 11, "img_name": "108.jpg", "width": 1421, "height": 1899, "position": [-1.8006417902538254, 2.857196934333212, -0.9149787447025274], "rotation": [[0.5352410786454788, 0.8301373804181583, 0.15616951483212868], [-0.7324881501887146, 0.5482145264214041, -0.4036359038213409], [-0.42068764845611945, 0.10165019750612234, 0.9014927286359147]], "fy": 1466.1678604067822, "fx": 1465.8966402559593}, {"id": 12, "img_name": "109.jpg", "width": 1421, "height": 1899, "position": [-1.4772005154965677, 3.007455966515391, -0.8650126783778719], "rotation": [[0.4680273596139346, 0.8769179494851104, 0.109386016124723], [-0.7821574271251482, 0.4686679544118224, -0.41058507973428165], [-0.41131514662819935, 0.10660796582932934, 0.9052373124081639]], "fy": 1466.1678604067822, "fx": 1465.8966402559593}, {"id": 13, "img_name": "11.jpg", "width": 1421, "height": 1899, "position": [-3.472157228697314, 1.3773087358117464, 0.30409740867222734], "rotation": [[0.7888374547475202, 0.3156920354242519, 0.5273272311924985], [-0.26187345850776894, 0.9488611947567527, -0.17630860674955126], [-0.5560195695446642, 0.0009858268006920788, 0.8311686149205139]], "fy": 1466.1678604067822, "fx": 1465.8966402559593}, {"id": 14, "img_name": "110.jpg", "width": 1421, "height": 1899, "position": [-0.9601686986792479, 3.1750217288225513, -0.8565643157392465], "rotation": [[0.37797481357956203, 0.9250596105772466, 0.03741332888381422], [-0.8246929122436805, 0.35477990023663086, -0.44046886709859917], [-0.42073345575855103, 0.13563163077527063, 0.8969879708996704]], "fy": 1466.1678604067822, "fx": 1465.8966402559593}, {"id": 15, "img_name": "111.jpg", "width": 1421, "height": 1899, "position": [-0.5129371650362529, 3.3576875158957304, -0.9651548013684377], "rotation": [[0.27042905138590917, 0.9624528369572618, -0.02350882386329196], [-0.8673531167768037, 0.23296544791950885, -0.4398018541266356], [-0.4178117985218718, 0.13932564985881318, 0.8977870929721243]], "fy": 1466.1678604067822, "fx": 1465.8966402559593}, {"id": 16, "img_name": "112.jpg", "width": 1421, "height": 1899, "position": [-0.16746800843050624, 3.4630653689748434, -1.0546268215983874], "rotation": [[0.19032500535159505, 0.9802550974510426, -0.053631485707208014], [-0.8855349965601429, 0.1478380042319669, -0.44042217742972106], [-0.4237973126450227, 0.1313159107875206, 0.8961874632959898]], "fy": 1466.1678604067822, "fx": 1465.8966402559593}, {"id": 17, "img_name": "113.jpg", "width": 1421, "height": 1899, "position": [0.066648737171889, 3.494233360455459, -1.0932381352470708], "rotation": [[0.14029851927251671, 0.9877471046501971, -0.06835190374153151], [-0.8876079999835566, 0.094885109890857, -0.4507203726105471], [-0.43871216515516137, 0.12390509745830607, 0.8900444724668078]], "fy": 1466.1678604067822, "fx": 1465.8966402559593}, {"id": 18, "img_name": "114.jpg", "width": 1421, "height": 1899, "position": [0.26226588715305377, 3.509118051807355, -1.081415179550002], "rotation": [[0.10837755932981041, 0.9890671902641223, -0.10000198886396212], [-0.8876283689080768, 0.05098247709460434, -0.45772990478980624], [-0.4476272817236461, 0.13837225217626806, 0.8834494532707384]], "fy": 1466.1678604067822, "fx": 1465.8966402559593}, {"id": 19, "img_name": "115.jpg", "width": 1421, "height": 1899, "position": [0.5283430354287642, 3.4975360446574144, -1.0455718572497399], "rotation": [[0.0710317308230258, 0.9897190480791542, -0.12413983681952373], [-0.8946239346742244, 0.008171829617816862, -0.44674515857332653], [-0.4411377434818909, 0.142791551115569, 0.886006808216345]], "fy": 1466.1678604067822, "fx": 1465.8966402559593}, {"id": 20, "img_name": "116.jpg", "width": 1421, "height": 1899, "position": [0.8959233977466013, 3.4956911187606745, -1.0110489065290802], "rotation": [[-0.0009356518942099395, 0.98424145473238, -0.17682726979123145], [-0.8981562585308611, -0.0785737885846724, -0.43259853791858305], [-0.439675402788668, 0.15841375740048358, 0.8840761401875312]], "fy": 1466.1678604067822, "fx": 1465.8966402559593}, {"id": 21, "img_name": "117.jpg", "width": 1421, "height": 1899, "position": [1.3203097977922962, 3.433050040745471, -0.9552029809645451], "rotation": [[-0.08202700079250218, 0.9711720792176731, -0.22382216978889308], [-0.8854016054939673, -0.17411046137413327, -0.430986710037318], [-0.4575320405498303, 0.16281996127044024, 0.8741590771033614]], "fy": 1466.1678604067822, "fx": 1465.8966402559593}, {"id": 22, "img_name": "118.jpg", "width": 1421, "height": 1899, "position": [1.7616516323150728, 3.4047691437598586, -1.0614300213154926], "rotation": [[-0.19972578231151256, 0.9424927697778467, -0.2679869228088137], [-0.8621585083780344, -0.2989972129934687, -0.4090029010331115], [-0.46560962008040285, 0.14935878125714994, 0.8722956128228329]], "fy": 1466.1678604067822, "fx": 1465.8966402559593}, {"id": 23, "img_name": "119.jpg", "width": 1421, "height": 1899, "position": [2.0544251805628986, 3.3402474910691202, -1.1400191621914588], "rotation": [[-0.28557854490268625, 0.9130929368979295, -0.2910432670212083], [-0.8349164163479704, -0.386136526672352, -0.3921902095693808], [-0.4704885465172635, 0.13099569212964945, 0.8726285900883302]], "fy": 1466.1678604067822, "fx": 1465.8966402559593}, {"id": 24, "img_name": "12.jpg", "width": 1421, "height": 1899, "position": [-3.4314753355182677, 1.6055934257491926, 0.28762277558918814], "rotation": [[0.7713325658099214, 0.37397392849622463, 0.5149656044108032], [-0.3157100953293109, 0.9274060673108389, -0.20061186909602652], [-0.5526058347757836, -0.007841372338088709, 0.8334058460627781]], "fy": 1466.1678604067822, "fx": 1465.8966402559593}, {"id": 25, "img_name": "120.jpg", "width": 1421, "height": 1899, "position": [2.2220700875941963, 3.2724199021263556, -1.1128209790185082], "rotation": [[-0.36010697506758244, 0.8827031550743148, -0.3019240078720559], [-0.7983546257443788, -0.4590195263526996, -0.3897832294744041], [-0.4826519015400521, 0.10067876860983714, 0.8700062801445622]], "fy": 1466.1678604067822, "fx": 1465.8966402559593}, {"id": 26, "img_name": "121.jpg", "width": 1421, "height": 1899, "position": [2.305652229926411, 3.208414038946329, -1.0266782569914177], "rotation": [[-0.40011978976239426, 0.8504635866542982, -0.34149061717066814], [-0.7695777593829322, -0.5141299820784678, -0.37870890376533245], [-0.49764869748010276, 0.11127465705676581, 0.8602114417939676]], "fy": 1466.1678604067822, "fx": 1465.8966402559593}, {"id": 27, "img_name": "122.jpg", "width": 1421, "height": 1899, "position": [2.3959209540587794, 3.0885544385770527, -0.9594567925864601], "rotation": [[-0.4509233520384703, 0.8208050171466589, -0.3506383527414856], [-0.7483014614149217, -0.5617873874519664, -0.35276033527621303], [-0.4865316571721535, 0.10331531893560979, 0.8675326457503206]], "fy": 1466.1678604067822, "fx": 1465.8966402559593}, {"id": 28, "img_name": "123.jpg", "width": 1421, "height": 1899, "position": [2.498801946074433, 2.8739171840519164, -0.9168146331329011], "rotation": [[-0.507481581102116, 0.7635521244364997, -0.3993126570879065], [-0.7151255002969459, -0.6317445024597065, -0.29915615059192774], [-0.480684890200575, 0.13374242737607772, 0.8666342939512698]], "fy": 1466.1678604067822, "fx": 1465.8966402559593}, {"id": 29, "img_name": "124.jpg", "width": 1421, "height": 1899, "position": [2.5890579673763687, 2.5357695830534293, -0.82977398099933], "rotation": [[-0.5673902208974526, 0.7076145331082013, -0.4211294453775482], [-0.6579109974089151, -0.697112126893471, -0.28493473292399235], [-0.4951984013689316, 0.11539651239150524, 0.8610819869266408]], "fy": 1466.1678604067822, "fx": 1465.8966402559593}, {"id": 30, "img_name": "125.jpg", "width": 1421, "height": 1899, "position": [2.725145037164272, 2.194581156933497, -0.8416272931209107], "rotation": [[-0.6347499964735487, 0.6175433872671746, -0.4644702432012341], [-0.5871216480252454, -0.7762307160394507, -0.22968248931296623], [-0.5023749719053978, 0.12690957536555383, 0.8552855355280982]], "fy": 1466.1678604067822, "fx": 1465.8966402559593}, {"id": 31, "img_name": "126.jpg", "width": 1421, "height": 1899, "position": [2.8489089527579328, 1.91856398599649, -0.9135989548467763], "rotation": [[-0.7023452515369952, 0.537075685039489, -0.46718396396151907], [-0.5078440628631996, -0.8379496840649352, -0.1998367703653992], [-0.498804125341835, 0.09690219561412537, 0.8612806795854233]], "fy": 1466.1678604067822, "fx": 1465.8966402559593}, {"id": 32, "img_name": "127.jpg", "width": 1421, "height": 1899, "position": [2.9068749946774335, 1.7166275483816915, -0.9784424488258814], "rotation": [[-0.7340150703064604, 0.4776092955759682, -0.48281594561740493], [-0.4536997390824162, -0.8738647909761571, -0.1746907949742746], [-0.5053498029281785, 0.09082779239651305, 0.8581211387728582]], "fy": 1466.1678604067822, "fx": 1465.8966402559593}, {"id": 33, "img_name": "128.jpg", "width": 1421, "height": 1899, "position": [2.9226577947358976, 1.596755869004409, -0.9690901859829377], "rotation": [[-0.7596503236729185, 0.4187982236048394, -0.4975333492833024], [-0.4050299257991765, -0.9032282432596014, -0.14187846836390391], [-0.5088046235548014, 0.09373787112797421, 0.8557634407741732]], "fy": 1466.1678604067822, "fx": 1465.8966402559593}, {"id": 34, "img_name": "129.jpg", "width": 1421, "height": 1899, "position": [2.9561103329792613, 1.4706577375832726, -0.9389598738817589], "rotation": [[-0.7846349437674026, 0.37350893413596825, -0.4948121675340423], [-0.3674513527874842, -0.9230212995029149, -0.11406657704427439], [-0.49932705549947115, 0.09231877807121679, 0.8614811285580583]], "fy": 1466.1678604067822, "fx": 1465.8966402559593}, {"id": 35, "img_name": "13.jpg", "width": 1421, "height": 1899, "position": [-3.341090597179858, 1.7356811297290797, 0.29377521592250216], "rotation": [[0.7478345681617476, 0.4315544023526944, 0.504484148881153], [-0.3676077462599973, 0.9019454651685243, -0.22662507088047432], [-0.5528182373547185, -0.015974218977568684, 0.833148738687204]], "fy": 1466.1678604067822, "fx": 1465.8966402559593}, {"id": 36, "img_name": "130.jpg", "width": 1421, "height": 1899, "position": [3.0273082468415016, 1.187107901892472, -0.861699602656948], "rotation": [[-0.8116623094801529, 0.2955886403061462, -0.5038170809840686], [-0.3172731028212441, -0.947283248560776, -0.044634350250929704], [-0.49045088805661685, 0.12361958873134181, 0.8626564343273455]], "fy": 1466.1678604067822, "fx": 1465.8966402559593}, {"id": 37, "img_name": "131.jpg", "width": 1421, "height": 1899, "position": [3.1046026770596367, 0.8115056695891062, -0.7446521592969176], "rotation": [[-0.8420340083318351, 0.1984684690788082, -0.5015864786795365], [-0.22449165077940791, -0.9744371461357442, -0.00870327301437824], [-0.49049182209590336, 0.10527352474549623, 0.8650637302792784]], "fy": 1466.1678604067822, "fx": 1465.8966402559593}, {"id": 38, "img_name": "132.jpg", "width": 1421, "height": 1899, "position": [3.1888711433800183, 0.36097004619959133, -0.6137250320777985], "rotation": [[-0.8586856429150984, 0.07004822528269407, -0.5076930300745013], [-0.11965352430128849, -0.9906398847290213, 0.06569362911540154], [-0.4983392426588183, 0.11715743646399875, 0.859029763342004]], "fy": 1466.1678604067822, "fx": 1465.8966402559593}, {"id": 39, "img_name": "133.jpg", "width": 1421, "height": 1899, "position": [3.297655143880584, -0.04652077615616195, -0.6346611585744422], "rotation": [[-0.8747017566324179, -0.06400430128178146, -0.48041678401320725], [0.006744137035622021, -0.9927531604810341, 0.11998199435983042], [-0.4846146443926416, 0.10170846460520667, 0.8687945871538593]], "fy": 1466.1678604067822, "fx": 1465.8966402559593}, {"id": 40, "img_name": "134.jpg", "width": 1421, "height": 1899, "position": [3.35759930934337, -0.3395092754950625, -0.6683798415505028], "rotation": [[-0.8741557552543885, -0.1392044900834322, -0.4652674773678485], [0.07764165662655237, -0.9857750640654503, 0.14906138407730551], [-0.4793990912714732, 0.09417872906006473, 0.8725290128590089]], "fy": 1466.1678604067822, "fx": 1465.8966402559593}, {"id": 41, "img_name": "135.jpg", "width": 1421, "height": 1899, "position": [3.382807774229037, -0.5380658724008868, -0.6825040239797661], "rotation": [[-0.8654757221289707, -0.1858923776672739, -0.46518361786561674], [0.11809738877737404, -0.9781405861938555, 0.17115490178287746], [-0.48683136830868073, 0.09319344164450778, 0.8685103345759044]], "fy": 1466.1678604067822, "fx": 1465.8966402559593}, {"id": 42, "img_name": "136.jpg", "width": 1421, "height": 1899, "position": [3.383556140479312, -0.7018516449352911, -0.6860884087922672], "rotation": [[-0.8583804992698498, -0.21976329637940814, -0.46355907071019486], [0.149069077287888, -0.9714592271742638, 0.18451390227979914], [-0.4908781199745825, 0.08928081262196269, 0.8666415682551705]], "fy": 1466.1678604067822, "fx": 1465.8966402559593}, {"id": 43, "img_name": "137.jpg", "width": 1421, "height": 1899, "position": [3.3847413970733755, -0.9503739796411558, -0.7347184615293197], "rotation": [[-0.8505080753336297, -0.2655621641568071, -0.45399642152844955], [0.18737794833353966, -0.9595256781043724, 0.21023790699266715], [-0.4914524577928143, 0.0937401196217343, 0.865844831192463]], "fy": 1466.1678604067822, "fx": 1465.8966402559593}, {"id": 44, "img_name": "138.jpg", "width": 1421, "height": 1899, "position": [3.3205624573458765, -1.3205523728781017, -0.6890686302143678], "rotation": [[-0.8284005376964262, -0.36192110429523566, -0.4275110096944747], [0.2630032177868987, -0.9251844456849269, 0.27361112714290614], [-0.4945521778114106, 0.11422283365593579, 0.8616097072883984]], "fy": 1466.1678604067822, "fx": 1465.8966402559593}, {"id": 45, "img_name": "139.jpg", "width": 1421, "height": 1899, "position": [3.2098325705869315, -1.756630348379712, -0.5745131816688968], "rotation": [[-0.789807630622725, -0.45028985382525144, -0.4164648294299893], [0.34038718374642807, -0.8866237724075684, 0.3131051761676053], [-0.5102357021527325, 0.10553356690553672, 0.8535351161521725]], "fy": 1466.1678604067822, "fx": 1465.8966402559593}, {"id": 46, "img_name": "14.jpg", "width": 1421, "height": 1899, "position": [-3.1865611715513698, 1.8128665699354944, 0.3437820631130104], "rotation": [[0.7302934009966203, 0.4657549045345668, 0.4997438517508608], [-0.3995461688123422, 0.8845883659845208, -0.24055411397898563], [-0.5541068556227842, -0.023995659333137503, 0.832099633989223]], "fy": 1466.1678604067822, "fx": 1465.8966402559593}, {"id": 47, "img_name": "140.jpg", "width": 1421, "height": 1899, "position": [3.074030274783199, -2.235363791045347, -0.5764566477559743], "rotation": [[-0.7366952482982039, -0.5748637766922249, -0.3561063736890969], [0.453699521512068, -0.810675117863779, 0.37008458148951257], [-0.5014347966730746, 0.11107426130161246, 0.8580359276637158]], "fy": 1466.1678604067822, "fx": 1465.8966402559593}, {"id": 48, "img_name": "141.jpg", "width": 1421, "height": 1899, "position": [2.972728419524982, -2.5094684384500594, -0.6791046095309629], "rotation": [[-0.6775675901750553, -0.6542145498100884, -0.3360141121458315], [0.5393813841088655, -0.7526148349516741, 0.3776753006055187], [-0.49996988231409756, 0.07466078641059085, 0.8628185694289265]], "fy": 1466.1678604067822, "fx": 1465.8966402559593}, {"id": 49, "img_name": "142.jpg", "width": 1421, "height": 1899, "position": [2.8893375502633867, -2.649304706887606, -0.7288136754138932], "rotation": [[-0.6339147854499138, -0.7019267616360395, -0.3247319911667641], [0.5823339498706416, -0.709504536068648, 0.396850707604344], [-0.5089589527811114, 0.062467068101154224, 0.8585211993811219]], "fy": 1466.1678604067822, "fx": 1465.8966402559593}, {"id": 50, "img_name": "143.jpg", "width": 1421, "height": 1899, "position": [2.7835183890552333, -2.73967330207767, -0.7009145462880536], "rotation": [[-0.6042922119067189, -0.7348836891075287, -0.3078585488704095], [0.6085885157707617, -0.6751094332704461, 0.416949962922649], [-0.5142479373812077, 0.0646004380245691, 0.8552051463281822]], "fy": 1466.1678604067822, "fx": 1465.8966402559593}, {"id": 51, "img_name": "144.jpg", "width": 1421, "height": 1899, "position": [2.6267425324822318, -2.8137749931628298, -0.6821605430211609], "rotation": [[-0.578521399189056, -0.7630367325030262, -0.2882497797595725], [0.6396423830600411, -0.6436850587351878, 0.42015136195703234], [-0.5061329987993356, 0.058689777748624994, 0.8604562147571536]], "fy": 1466.1678604067822, "fx": 1465.8966402559593}, {"id": 52, "img_name": "145.jpg", "width": 1421, "height": 1899, "position": [2.382912110402818, -2.919939761256243, -0.6597193081624925], "rotation": [[-0.5366150492114448, -0.8105591131934907, -0.23460224418956488], [0.6788532378067978, -0.5798174504711532, 0.4505219258242139], [-0.501201127771103, 0.08249635233216839, 0.8613894481434405]], "fy": 1466.1678604067822, "fx": 1465.8966402559593}, {"id": 53, "img_name": "146.jpg", "width": 1421, "height": 1899, "position": [2.0661443745986023, -3.0486567326638245, -0.6094755355992949], "rotation": [[-0.4600891984217106, -0.8680466614114938, -0.18658221541193895], [0.7307288244441429, -0.48957090477201726, 0.47576855121706924], [-0.5043345265021507, 0.08255496843357002, 0.859553001603033]], "fy": 1466.1678604067822, "fx": 1465.8966402559593}, {"id": 54, "img_name": "147.jpg", "width": 1421, "height": 1899, "position": [1.7385756051051564, -3.226998076276271, -0.6164490975802153], "rotation": [[-0.3752311912961975, -0.9204190740156526, -0.10968263885686275], [0.7900924254130486, -0.3794683280943398, 0.4814122425512388], [-0.48472209809679906, 0.09398146711695315, 0.8696044913954747]], "fy": 1466.1678604067822, "fx": 1465.8966402559593}, {"id": 55, "img_name": "148.jpg", "width": 1421, "height": 1899, "position": [1.4813146522621714, -3.3805654002041234, -0.7101008773077835], "rotation": [[-0.2871496155353556, -0.9541591001463116, -0.08441273544838247], [0.8323798390530286, -0.29216390241390966, 0.47093954778116653], [-0.4740136093362211, 0.06496665093920569, 0.8781175504622325]], "fy": 1466.1678604067822, "fx": 1465.8966402559593}, {"id": 56, "img_name": "149.jpg", "width": 1421, "height": 1899, "position": [1.2969627786496765, -3.4113171667350355, -0.8114142734222858], "rotation": [[-0.22617731316667333, -0.9715629501109427, -0.07006609008947283], [0.8437364068823717, -0.2313488201688415, 0.48434140759149413], [-0.48677787409652196, 0.05042972712802046, 0.8720688871367123]], "fy": 1466.1678604067822, "fx": 1465.8966402559593}, {"id": 57, "img_name": "15.jpg", "width": 1421, "height": 1899, "position": [-3.0281483495245816, 1.9179483072523213, 0.36748636964928516], "rotation": [[0.7151462391354961, 0.5084430292513037, 0.47963688625471024], [-0.43000512876234653, 0.8610116168484712, -0.27157795361564163], [-0.551054848348541, -0.012028368872787392, 0.834382329902681]], "fy": 1466.1678604067822, "fx": 1465.8966402559593}, {"id": 58, "img_name": "150.jpg", "width": 1421, "height": 1899, "position": [1.14849258923804, -3.3896326962196457, -0.8152914967844623], "rotation": [[-0.17091106621359184, -0.9842803973076878, -0.044514120473764206], [0.8462692018638759, -0.1697843185515568, 0.5049769530886149], [-0.5045967156278478, 0.04863522026066141, 0.8619842051498309]], "fy": 1466.1678604067822, "fx": 1465.8966402559593}, {"id": 59, "img_name": "151.jpg", "width": 1421, "height": 1899, "position": [0.9711752610385949, -3.3639557621617078, -0.7875148761688814], "rotation": [[-0.12971577902579337, -0.9909414135259129, -0.03476969414586278], [0.855002412188227, -0.12954158919453715, 0.5021850772586404], [-0.50214011174576, 0.03541315614597331, 0.8640608870604759]], "fy": 1466.1678604067822, "fx": 1465.8966402559593}, {"id": 60, "img_name": "152.jpg", "width": 1421, "height": 1899, "position": [0.6734239207789686, -3.3372758332756467, -0.785757227808953], "rotation": [[-0.07187908021009287, -0.9970531629041994, 0.026802764239583138], [0.8687117918202334, -0.04937795692844668, 0.4928505251311509], [-0.4900747091828243, 0.05870951977579201, 0.8697010818132088]], "fy": 1466.1678604067822, "fx": 1465.8966402559593}, {"id": 61, "img_name": "153.jpg", "width": 1421, "height": 1899, "position": [0.3145682140982162, -3.245760643802063, -0.7280786217660898], "rotation": [[-0.007485723441938314, -0.9983891057527495, 0.05624195461375685], [0.865414603042322, 0.02171064692279372, 0.5005858694083302], [-0.5010005277299123, 0.05241985620372176, 0.8638579917381851]], "fy": 1466.1678604067822, "fx": 1465.8966402559593}, {"id": 62, "img_name": "154.jpg", "width": 1421, "height": 1899, "position": [-0.048902010519182214, -3.175241322491012, -0.7515324137985727], "rotation": [[0.07554646958345983, -0.9901864741559471, 0.11757328494215641], [0.8656827421913629, 0.12364543553775065, 0.4850826693902005], [-0.4948596981019145, 0.06513488058862213, 0.8665283183631035]], "fy": 1466.1678604067822, "fx": 1465.8966402559593}, {"id": 63, "img_name": "155.jpg", "width": 1421, "height": 1899, "position": [-0.3545002684880235, -3.149399759942702, -0.8045507623986158], "rotation": [[0.17460561106938077, -0.97127463272012, 0.16167395714054958], [0.8624910134340181, 0.23007893727266007, 0.4507470847038768], [-0.474996981388986, 0.06073936497757817, 0.8778887157342166]], "fy": 1466.1678604067822, "fx": 1465.8966402559593}, {"id": 64, "img_name": "156.jpg", "width": 1421, "height": 1899, "position": [-0.5342573941357102, -3.101845686869873, -0.8280847726923677], "rotation": [[0.23898006318924986, -0.9501649415521924, 0.2001876950343884], [0.8499682115203632, 0.3043768462450027, 0.43001020322176237], [-0.4695131188826756, 0.06738931157880398, 0.8803499939694426]], "fy": 1466.1678604067822, "fx": 1465.8966402559593}, {"id": 65, "img_name": "157.jpg", "width": 1421, "height": 1899, "position": [-0.6211313242623409, -3.0201547275515406, -0.7950465469477292], "rotation": [[0.2792496423768311, -0.9372168071023855, 0.20891216747049904], [0.8353641798244, 0.34440241287850804, 0.4284316340675242], [-0.4734831826989415, 0.05487836083805368, 0.8790916000127684]], "fy": 1466.1678604067822, "fx": 1465.8966402559593}, {"id": 66, "img_name": "158.jpg", "width": 1421, "height": 1899, "position": [-0.6961431392803851, -2.9141558113487394, -0.7543085377161811], "rotation": [[0.3049315970969072, -0.9239561805711659, 0.2309149139321078], [0.8263312375439554, 0.37722508064911353, 0.4181840795491201], [-0.4734906619469961, 0.06329466733946118, 0.8785217004351015]], "fy": 1466.1678604067822, "fx": 1465.8966402559593}, {"id": 67, "img_name": "159.jpg", "width": 1421, "height": 1899, "position": [-0.821049809818596, -2.7453977133214646, -0.7046066914213354], "rotation": [[0.344984633333298, -0.9075123321821101, 0.23959751605823745], [0.8193352218983015, 0.41570277556305346, 0.39481767506791576], [-0.4579032615310253, 0.06010465311904785, 0.8869678876671289]], "fy": 1466.1678604067822, "fx": 1465.8966402559593}, {"id": 68, "img_name": "16.jpg", "width": 1421, "height": 1899, "position": [-2.8693978501720108, 2.052729427585979, 0.3642880491672842], "rotation": [[0.699431453606013, 0.541757153765475, 0.46614893333623647], [-0.4489556404461434, 0.8405303712877131, -0.30322850765475917], [-0.5560885492600732, 0.002807362974493522, 0.8311183093248258]], "fy": 1466.1678604067822, "fx": 1465.8966402559593}, {"id": 69, "img_name": "160.jpg", "width": 1421, "height": 1899, "position": [-1.0519774941292952, -2.4963996371671993, -0.6653305921524973], "rotation": [[0.4335829636415257, -0.8577268534042307, 0.27624347700734647], [0.783530433942197, 0.5102659022018231, 0.35455432325175706], [-0.44506839106611834, 0.06271645716585536, 0.893297695773576]], "fy": 1466.1678604067822, "fx": 1465.8966402559593}, {"id": 70, "img_name": "161.jpg", "width": 1421, "height": 1899, "position": [-1.2760738370691243, -2.225071678523143, -0.6388104726948506], "rotation": [[0.5177772279079842, -0.7949693903527466, 0.3161177164635126], [0.7346206886454981, 0.6025145943788484, 0.31194327589243814], [-0.43845089357183126, 0.07070948990534583, 0.8959692974446101]], "fy": 1466.1678604067822, "fx": 1465.8966402559593}, {"id": 71, "img_name": "162.jpg", "width": 1421, "height": 1899, "position": [-1.541403074567939, -2.0190594914461717, -0.6756200858805922], "rotation": [[0.6107317694855555, -0.7218001658342938, 0.32559365218417274], [0.6712919558364527, 0.6900441802996393, 0.27056633061759383], [-0.4199688271411489, 0.05332494572135008, 0.9059705483035874]], "fy": 1466.1678604067822, "fx": 1465.8966402559593}, {"id": 72, "img_name": "163.jpg", "width": 1421, "height": 1899, "position": [-1.736162362717825, -1.8714153638858724, -0.7347860493227858], "rotation": [[0.6667788526841016, -0.6648849298578782, 0.33665114237316596], [0.6235856207768704, 0.74511776001672, 0.2365174354418524], [-0.4081016235860845, 0.05222598735830893, 0.9114414468691071]], "fy": 1466.1678604067822, "fx": 1465.8966402559593}, {"id": 73, "img_name": "164.jpg", "width": 1421, "height": 1899, "position": [-1.8362831767799033, -1.7730272752657465, -0.76422911250576], "rotation": [[0.6939197544644129, -0.6271939629403253, 0.3536991761585809], [0.5868491393672008, 0.7772496930746903, 0.2269162890567262], [-0.4172331026992282, 0.05010636153733201, 0.9074171535437633]], "fy": 1466.1678604067822, "fx": 1465.8966402559593}, {"id": 74, "img_name": "165.jpg", "width": 1421, "height": 1899, "position": [-1.881859683669584, -1.707299095317443, -0.7675267875135987], "rotation": [[0.707731719568431, -0.604549823358895, 0.365561655803013], [0.5636453845643005, 0.7951379082023152, 0.22373999955083607], [-0.4259339075209598, 0.04769924544869858, 0.9034960367414743]], "fy": 1466.1678604067822, "fx": 1465.8966402559593}, {"id": 75, "img_name": "166.jpg", "width": 1421, "height": 1899, "position": [-1.9174871696932616, -1.6010072172798744, -0.7527777939099816], "rotation": [[0.7413373215089025, -0.574069098122184, 0.34765449273551513], [0.5304530714472132, 0.8185385517321921, 0.22048623158914793], [-0.41114293710365957, 0.02095972111808641, 0.9113298938147637]], "fy": 1466.1678604067822, "fx": 1465.8966402559593}, {"id": 76, "img_name": "167.jpg", "width": 1421, "height": 1899, "position": [-1.9614123517808428, -1.4609586664333278, -0.7237779328176066], "rotation": [[0.7901728127744847, -0.4972152018371059, 0.358334995519758], [0.4752915419946319, 0.866259985945551, 0.15392071614301536], [-0.386942988126706, 0.048689627352235844, 0.9208172696729119]], "fy": 1466.1678604067822, "fx": 1465.8966402559593}, {"id": 77, "img_name": "168.jpg", "width": 1421, "height": 1899, "position": [-1.9286498589236278, -1.250535108477705, -0.6476192916636394], "rotation": [[0.831704241693665, -0.4274003004743096, 0.3543967233246315], [0.40580221940310174, 0.9035788988717717, 0.13736714396533628], [-0.37893615963151694, 0.029566140569007946, 0.924950393402571]], "fy": 1466.1678604067822, "fx": 1465.8966402559593}, {"id": 78, "img_name": "169.jpg", "width": 1421, "height": 1899, "position": [-1.9091908490341267, -0.9877475629366804, -0.6066808299201911], "rotation": [[0.875845292882686, -0.3259865301896991, 0.3558480083829646], [0.3141796719358308, 0.9448670417060286, 0.09228980030312925], [-0.3663142867505112, 0.030968623356199744, 0.9299756919887132]], "fy": 1466.1678604067822, "fx": 1465.8966402559593}, {"id": 79, "img_name": "17.jpg", "width": 1421, "height": 1899, "position": [-2.698789971460623, 2.2638303206136214, 0.37694877341400096], "rotation": [[0.6673244745961733, 0.613607269538891, 0.42209497079918856], [-0.49577062682264433, 0.788920680499324, -0.36306424426038675], [-0.555778311186055, 0.033019367793919945, 0.8306745392544944]], "fy": 1466.1678604067822, "fx": 1465.8966402559593}, {"id": 80, "img_name": "170.jpg", "width": 1421, "height": 1899, "position": [-1.896561480788096, -0.7048935303640824, -0.6016924499893208], "rotation": [[0.9130444146165034, -0.22748962743694082, 0.33852380469652127], [0.2097668500352891, 0.9737304998312243, 0.08858206548002064], [-0.349782454625556, -0.009868287948575518, 0.9367789767757841]], "fy": 1466.1678604067822, "fx": 1465.8966402559593}, {"id": 81, "img_name": "171.jpg", "width": 1421, "height": 1899, "position": [-1.8322918335669947, -0.5556304302125523, -0.6063751067998967], "rotation": [[0.9295722840609462, -0.16353467636969168, 0.33038126207516033], [0.15635769293686078, 0.9865149328573877, 0.04837932522107456], [-0.3338377458664283, 0.0066855720805588425, 0.942606844108814]], "fy": 1466.1678604067822, "fx": 1465.8966402559593}, {"id": 82, "img_name": "172.jpg", "width": 1421, "height": 1899, "position": [-1.7461645207750585, -0.5120269628547848, -0.5816862616289167], "rotation": [[0.9472509842029145, -0.09473443366967048, 0.3061714552401913], [0.09057229670498958, 0.995501608567953, 0.02780658929465617], [-0.3074284176783158, 0.0013908328099237594, 0.9515701937260866]], "fy": 1466.1678604067822, "fx": 1465.8966402559593}, {"id": 83, "img_name": "173.jpg", "width": 1421, "height": 1899, "position": [-1.6486928220676769, -0.4621949270054961, -0.5505845100959641], "rotation": [[0.9600182582886163, -0.04704426118002248, 0.27595612195151137], [0.04321207259055497, 0.9988666252819943, 0.019954490226223403], [-0.2765821045095293, -0.007232038978439458, 0.9609630778949284]], "fy": 1466.1678604067822, "fx": 1465.8966402559593}, {"id": 84, "img_name": "174.jpg", "width": 1421, "height": 1899, "position": [-1.5155901527796511, -0.37261690322847923, -0.5117345873914375], "rotation": [[0.9689269413757401, -0.04928954640876361, 0.2423863092071651], [0.038160261518928894, 0.9979997791487197, 0.050400746620599124], [-0.24438571299701642, -0.03958511631819738, 0.9688697754853408]], "fy": 1466.1678604067822, "fx": 1465.8966402559593}, {"id": 85, "img_name": "175.jpg", "width": 1421, "height": 1899, "position": [-1.3598060731891215, -0.2764802920118436, -0.5171372755042829], "rotation": [[0.9781915082125192, -0.03832748713426942, 0.20413813213334076], [0.029974586052322397, 0.9985881326461857, 0.04385505135324718], [-0.2055307700854273, -0.03677968281777916, 0.9779592821175709]], "fy": 1466.1678604067822, "fx": 1465.8966402559593}, {"id": 86, "img_name": "176.jpg", "width": 1421, "height": 1899, "position": [-1.1731903898967835, -0.1845121120942329, -0.5351532287684202], "rotation": [[0.9847714007691342, -0.008424114477511185, 0.17365000006469136], [0.0039753481009541895, 0.9996553101283722, 0.025951060472058578], [-0.1738087593726903, -0.024865542974525763, 0.9844654488289104]], "fy": 1466.1678604067822, "fx": 1465.8966402559593}, {"id": 87, "img_name": "177.jpg", "width": 1421, "height": 1899, "position": [-0.9466566589789707, -0.10574896675340698, -0.5504411994721616], "rotation": [[0.9881840548310983, 0.011909400461784394, 0.15280850747981825], [-0.011844383629836959, 0.9999289605685503, -0.0013358116364448585], [-0.15281356076604613, -0.0004898948251011325, 0.9882549143055459]], "fy": 1466.1678604067822, "fx": 1465.8966402559593}, {"id": 88, "img_name": "178.jpg", "width": 1421, "height": 1899, "position": [-0.7120878313575902, -0.03502131788458705, -0.5926166679615773], "rotation": [[0.9905153672642044, 0.02219926625687124, 0.13559682810123083], [-0.02276139229992526, 0.9997375543274096, 0.002596437562940804], [-0.1355036022916996, -0.00565818390527253, 0.990760697000475]], "fy": 1466.1678604067822, "fx": 1465.8966402559593}, {"id": 89, "img_name": "179.jpg", "width": 1421, "height": 1899, "position": [-0.45526772117936753, 0.002223168965131737, -0.6340418370645503], "rotation": [[0.9920433856513197, 0.014309110892109064, 0.125080655302666], [-0.01576800705251479, 0.9998186227981776, 0.010681360379052145], [-0.12490512775326264, -0.012568645568742362, 0.9920890777594059]], "fy": 1466.1678604067822, "fx": 1465.8966402559593}, {"id": 90, "img_name": "18.jpg", "width": 1421, "height": 1899, "position": [-2.507360574804461, 2.518696199836765, 0.4180582307238097], "rotation": [[0.6181716884182118, 0.6856139244974769, 0.38444415741866217], [-0.5461339790915594, 0.7263824143069469, -0.4172604283504858], [-0.5653330350508428, 0.04798056607397034, 0.8234661041958095]], "fy": 1466.1678604067822, "fx": 1465.8966402559593}, {"id": 91, "img_name": "180.jpg", "width": 1421, "height": 1899, "position": [-0.21523968405837055, 0.010861798031085466, -0.6641753472448066], "rotation": [[0.993978677722613, 0.011707958349959588, 0.10894637187204305], [-0.012408370904666528, 0.9999064619972245, 0.005753224112220936], [-0.10886882273772462, -0.007070429086613259, 0.99403097963204]], "fy": 1466.1678604067822, "fx": 1465.8966402559593}, {"id": 92, "img_name": "181.jpg", "width": 1421, "height": 1899, "position": [-0.06457917693298229, 0.009920077413100274, -0.6708423359250507], "rotation": [[0.9957679709010897, 0.010642373072986322, 0.09128465381925792], [-0.01053427549725743, 0.9999431252445815, -0.00166592792370912], [-0.09129719145337531, 0.0006972599762554605, 0.9958234465311866]], "fy": 1466.1678604067822, "fx": 1465.8966402559593}, {"id": 93, "img_name": "182.jpg", "width": 1421, "height": 1899, "position": [0.04003927150881742, 0.018740785144364485, -0.6377770766195168], "rotation": [[0.9976269477800063, 0.010533981469190847, 0.0680404901331216], [-0.010662270130903444, 0.9999419971806872, 0.0015225865999700789], [-0.06802050469383715, -0.0022444395080973008, 0.9976813987603909]], "fy": 1466.1678604067822, "fx": 1465.8966402559593}, {"id": 94, "img_name": "183.jpg", "width": 1421, "height": 1899, "position": [0.12207623212739371, 0.04030434168722163, -0.5675793681665036], "rotation": [[0.9993239387060514, 0.007282869478350025, 0.03603644462464904], [-0.00742941898479018, 0.9999646612347954, 0.003934465037251256], [-0.03600651694586021, -0.004199534943565884, 0.9993427313207842]], "fy": 1466.1678604067822, "fx": 1465.8966402559593}, {"id": 95, "img_name": "184.jpg", "width": 1421, "height": 1899, "position": [0.2062953292862086, 0.06149870171819891, -0.4899108537284978], "rotation": [[0.9998649934996894, -0.0029527507241410064, 0.016164035295280394], [0.0028874510955666675, 0.9999875827019336, 0.004061658296111299], [-0.016175827646111227, -0.004014437084417148, 0.9998611038013521]], "fy": 1466.1678604067822, "fx": 1465.8966402559593}, {"id": 96, "img_name": "185.jpg", "width": 1421, "height": 1899, "position": [0.2780730533834757, 0.07848597793281094, -0.4426167033880772], "rotation": [[0.9999593394905262, -0.008905111039288741, 0.0014206910461587226], [0.008908296638956044, 0.9999577846087643, -0.002251943899126537], [-0.001400577260654413, 0.0022645082712117823, 0.9999964551865304]], "fy": 1466.1678604067822, "fx": 1465.8966402559593}, {"id": 97, "img_name": "186.jpg", "width": 1421, "height": 1899, "position": [0.32828353988981096, 0.07952027050486246, -0.4160138480211082], "rotation": [[0.9999611118404853, -0.00762874129980727, -0.004424603137114727], [0.007613497880529533, 0.9999650591791552, -0.003451821381817594], [0.004450781590184234, 0.003418000440230474, 0.9999842537841419]], "fy": 1466.1678604067822, "fx": 1465.8966402559593}, {"id": 98, "img_name": "187.jpg", "width": 1421, "height": 1899, "position": [0.36238327241466944, 0.06316449196704181, -0.39402771776617707], "rotation": [[0.9999941501283997, -0.003175570417848174, -0.0012710080648596883], [0.003174453532776053, 0.9999945743885523, -0.0008797944225487641], [0.001273795018005816, 0.0008757545198226768, 0.9999988052494228]], "fy": 1466.1678604067822, "fx": 1465.8966402559593}, {"id": 99, "img_name": "188.jpg", "width": 1421, "height": 1899, "position": [0.38635253932013575, 0.03312744779956989, -0.37412941648063835], "rotation": [[0.9999996610264872, 0.0007485658209639857, -0.0003429229101174759], [-0.0007481223254963903, 0.9999988860557714, 0.00129158824798427], [0.000343889366